014.jpg 1548,420,2120,871,4 2660,380,3208,900,4 2197,1556,2811,2180,4 2197,473,2604,851,2 1437,1084,1913,1516,2 3400,956,3862,1402,2 2448,793,2855,1113,1 2977,1529,3431,1978,1 1786,1398,2235,1833,1 1333,1847,1957,2464,3 2600,1091,3145,1607,3 1917,882,2442,1404,3
000.jpg 1666,1196,1922,1440,1 1960,1198,2224,1442,1 2168,1340,2424,1580,1 2471,1031,2744,1278,2 2746,1131,3024,1373,2 1588,1491,1884,1780,2 1860,1584,2211,1938,3 2148,1831,2515,2187,3 2451,1651,2800,2009,3 2520,1311,2897,1636,4 2926,1642,3297,2036,4 2057,889,2404,1202,4
009.jpg 1795,118,2224,496,1 2620,229,3086,636,2 2200,482,2771,987,3 1415,642,2008,1144,3 2060,982,2557,1467,2 2513,1202,3137,1824,3 2762,1693,3464,2420,4 2917,587,3555,1187,4 3222,1153,3748,1640,2 3617,1973,4131,2513,1 1253,2076,1800,2596,1 1373,1153,2071,1798,4
015.jpg 1920,447,2348,860,4 1308,1073,1797,1471,4 2495,1262,2975,1718,4 2168,1496,2520,1816,1 2813,896,3153,1204,1 2042,840,2355,1102,1 2644,420,2986,713,2 1695,813,2046,1111,2 1746,1527,2155,1891,2 2373,833,2802,1231,3 1886,1111,2324,1538,3 2297,1864,2800,2378,3
033.jpg 868,271,1337,687,4 2686,707,3193,1164,3 1964,533,2322,856,1 1408,309,1864,720,3 1728,1222,2153,1638,2 2206,1527,2653,1973,2 2168,2076,2620,2531,1 2277,300,2631,616,1 2855,1467,3411,2000,3 3304,1840,3797,2338,2 3217,1009,3800,1553,4 2931,298,3442,760,4
016.jpg 1355,616,1891,1107,4 1873,513,2388,996,4 2877,1678,3515,2296,4 3055,664,3493,1029,2 3302,1398,3726,1818,1 2206,1107,2613,1460,1 2335,1682,2762,2127,1 2566,787,2995,1182,2 2715,1129,3264,1620,3 1540,1078,2068,1538,3 1511,1673,2020,2133,2 2617,160,3073,638,3
022.jpg 1826,424,2268,789,2 2475,684,2926,1067,2 2800,998,3237,1380,1 2875,1542,3353,1987,1 2164,1091,2802,1660,4 1720,804,2295,1282,3 1928,1613,2580,2220,3 1391,1229,2077,1829,4
002.jpg 1186,742,1562,1064,4 1886,731,2266,1056,4 2424,703,2811,1036,4 1064,1276,1340,1531,1 1322,1078,1595,1327,1 1597,1022,1871,1280,1 1622,624,1902,849,2 1908,509,2188,738,2 1237,1529,1557,1833,2 1551,1369,1926,1727,3 1973,1320,2362,1678,3 2071,1024,2440,1338,3
013.jpg 1842,609,2235,924,4 2771,551,3191,871,4 1522,1531,2000,1967,4 1860,1111,2164,1356,1 2200,1280,2524,1560,1 2391,898,2715,1151,2 2633,1040,2995,1329,2 2326,602,2686,893,3 2931,833,3342,1173,3 2037,1751,2421,2122,2 2577,1878,3046,2349,3 2982,1269,3315,1558,1
027.jpg 2357,111,2911,567,4 2011,362,2411,711,1 2144,680,2597,1078,2 2804,891,3266,1264,1 2017,1164,2606,1711,3 2380,1583,3017,2210,3 1468,1073,1953,1511,2 1468,1609,2115,2267,4
006.jpg 2442,80,2871,487,4 2464,1682,2988,2207,4 1364,1713,1933,2251,4 1568,1316,1928,1649,1 1771,973,2120,1320,1 1946,1336,2300,1673,1 3206,562,3626,947,3 2626,942,3064,1338,3 2200,718,2628,1084,3 2375,1253,2760,1611,2 3002,1673,3411,2084,2 2024,2007,2460,2444,2
036.jpg 2913,469,3342,713,4 2897,731,3337,1002,3 2326,1476,2853,1904,3 2022,884,2377,1133,2 1622,1124,2037,1404,2 1188,1082,1562,1340,1 2722,1027,3080,1273,1 2993,1236,3373,1511,1 1411,1518,1960,1956,3 984,1787,1473,2202,2 2788,1711,3417,2242,4 1748,1811,2406,2398,4
029.jpg 1348,289,1904,742,3 2428,282,2884,642,2 1662,742,2084,1124,1 2300,847,2917,1411,4 1084,1067,1760,1673,4 1882,1789,2384,2289,1 3371,1273,3842,1742,2 2477,1782,3120,2438,3
024.jpg 2146,1013,2408,1269,2 2106,1290,2421,1590,3 2520,1167,2788,1422,2 2715,1378,2962,1616,1 2742,1724,2991,1971,1 2360,1464,2700,1820,4 2260,1787,2591,2113,3 1968,1573,2326,1933,4
012.jpg 1893,560,2233,864,4 2822,809,3206,1136,4 2724,1582,3144,1978,4 2360,784,2622,991,1 2104,1004,2362,1238,1 1940,1567,2224,1847,1 2460,1193,2777,1464,2 2215,1353,2540,1640,2 2337,1629,2722,2022,3 2795,1187,3173,1531,3 1364,1133,1731,1473,3 1680,849,1968,1098,2
026.jpg 1573,293,2193,844,4 3186,1513,3855,2209,4 3124,1073,3591,1547,1 2622,1113,3126,1589,2 1924,829,2531,1402,3 1320,1033,1951,1622,3 2175,1724,2664,2220,1 2324,404,2804,847,2
035.jpg 2137,907,2471,1173,2 2793,329,3173,596,4 2860,627,3220,911,3 2791,980,3104,1231,1 3062,1162,3375,1429,1 3033,1633,3524,2086,4 2613,1473,3051,1864,3 2308,1869,2822,2362,4 1902,1211,2253,1502,2 1486,1224,1826,1509,1 1891,1640,2355,2056,3 1640,1964,2053,2351,2
020.jpg 1908,644,2255,931,2 2233,832,2646,1181,3 1673,1022,2051,1349,2 1911,1231,2397,1664,4 2906,878,3382,1282,4 2077,1716,2557,2176,3 2422,1204,2773,1520,1 2808,1524,3166,1847,1
032.jpg 1482,947,2020,1484,4 1988,749,2502,1262,4 1688,1502,2268,2089,4 2520,1284,2928,1720,2 3048,1149,3502,1647,3 2942,616,3400,1078,3 2373,538,2771,924,2 2015,427,2388,767,1 1548,409,2031,864,3 1206,687,1635,1098,2 955,1389,1371,1789,1 1077,1747,1504,2180,1
005.jpg 1308,251,1728,613,3 1720,558,2151,918,3 2337,820,2708,1156,2 991,1251,1406,1642,2 1457,2027,1922,2478,2 2013,927,2335,1233,1 2482,1124,2835,1471,1 1928,2027,2322,2413,1 1542,911,2008,1329,3 1078,662,1564,1116,4 2053,1209,2548,1684,4 1544,1322,2057,1829,4
025.jpg 955,867,1626,1493,4 2902,1358,3584,2024,4 3493,1016,3960,1458,1 1615,580,2071,996,1 2277,458,2742,902,2 2946,456,3420,889,2 2406,884,3004,1436,3 1717,1204,2333,1773,3
007.jpg 2164,1,2713,453,3 2844,433,3431,936,3 3988,1191,4513,1713,2 3386,989,4015,1573,3 2368,858,2877,1327,2 2964,1593,3522,2144,2 1693,1693,2417,2451,4 704,1507,1451,2218,4 675,480,1351,1067,4 1720,436,2162,860,1 1762,864,2240,1269,1 1288,976,1782,1422,1
008.jpg 1975,176,2508,656,4 968,924,1562,1467,4 1906,1847,2600,2551,4 2468,542,2906,956,2 2631,922,3062,1291,1 2260,1449,2726,1882,1 3066,1476,3568,1980,2 3331,867,3782,1302,2 2013,880,2566,1373,3 1566,989,2013,1373,1 2895,362,3426,800,3 1373,1527,1995,2124,3
017.jpg 1311,558,1895,987,3 2206,429,2688,869,2 2677,660,3282,1118,3 3113,1020,3626,1504,1 1937,818,2408,1180,1 2002,1362,2515,1840,1 1093,1329,1680,1831,2 2615,1327,3357,2004,4
034.jpg 1737,644,2013,898,4 2057,673,2311,907,3 2560,678,2762,867,1 2373,807,2584,991,1 2931,678,3231,944,4 2786,913,3075,1169,3 3064,1091,3402,1391,4 2857,1331,3168,1624,3 3100,1533,3366,1791,2 2497,1360,2744,1596,2 2231,1187,2480,1418,2 2486,1649,2715,1871,1
038.jpg 1633,107,2304,604,4 2566,800,3297,1433,4 3411,1438,4242,2207,4 2393,1427,3157,2151,3 2986,513,3522,944,2 2446,353,2964,764,2 1406,593,1926,1027,1 1820,836,2348,1284,1 811,582,1333,989,1 533,1102,1193,1662,2 1077,1278,1866,1982,3 1711,1782,2533,2571,3
031.jpg 1975,347,2415,713,3 2495,1604,3006,2111,3 1104,576,1580,982,3 1775,793,2286,1242,4 1431,1127,1971,1624,4 2408,1093,2940,1562,4 3046,1168,3400,1504,1 2288,636,2631,931,1 2120,1536,2507,1907,1 3373,1329,3780,1711,2 2815,516,3180,829,2 1495,1678,1946,2118,2
011.jpg 1262,369,1893,940,4 2948,53,3548,602,4 3626,1249,4335,1929,4 2226,413,2693,813,1 2093,962,2557,1391,1 2846,931,3357,1391,2 2702,1391,3231,1904,2 2526,1973,3026,2513,1 1255,1053,1775,1531,2 1140,1784,1817,2451,3 3300,647,3893,1204,3 3188,1667,3842,2324,3
028.jpg 2075,151,2517,540,1 2848,4,3317,458,2 1895,842,2335,1249,2 2835,1236,3257,1636,1 2995,1613,3602,2236,4 2215,1627,2771,2202,3 1657,1238,2212,1763,3 1477,1893,2117,2558,4
004.jpg 1973,316,2377,658,2 2364,273,2724,582,1 3204,529,3582,847,1 2668,1482,3142,1931,2 2462,1902,2957,2402,2 2180,736,2575,1067,1 1524,733,2044,1187,3 2126,1071,2655,1540,3 1197,1280,1764,1807,3 1917,1522,2548,2120,4 2822,1004,3395,1511,4 2528,507,3048,976,4
010.jpg 1691,173,2208,644,3 2197,587,2733,1098,3 3322,627,3768,1029,1 2642,878,3280,1458,4 1337,982,1975,1589,4 1013,1678,1673,2342,4 1708,1713,2186,2173,1 2211,1140,2704,1609,2 2860,1836,3382,2376,2 2324,1764,2837,2298,2 3262,1227,3868,1807,3 3346,2007,3837,2489,1
023.jpg 1595,702,2117,1171,4 2100,660,2557,1060,3 2508,504,2875,842,2 2664,1013,3062,1373,2 2604,1376,2980,1731,1 2160,1682,2571,2089,1 2071,1060,2593,1553,4 1580,1158,2093,1624,3
003.jpg 2153,511,2506,793,1 2597,502,2933,782,1 1991,789,2353,1098,1 1588,896,1991,1229,2 2655,1060,3051,1424,2 2868,1593,3311,2022,2 3028,758,3528,1196,4 3022,1184,3575,1664,4 2346,1364,2902,1864,4 1824,1511,2351,2016,3 1964,1093,2451,1529,3 2360,733,2820,1131,3
021.jpg 857,1264,1406,1762,2 1635,1044,2248,1551,3 1426,1573,2008,2098,2 2260,813,2695,1191,1 2902,602,3324,940,1 3171,1009,3784,1520,3 2486,1409,3211,2047,4 1960,247,2535,691,4
030.jpg 2255,33,2742,464,3 2897,722,3337,1127,2 2653,1838,3153,2347,2 1937,956,2522,1511,4 1606,309,2160,811,4 1368,1107,1802,1520,1 1555,1440,2135,2024,3 2333,451,2717,800,1