029.jpg 1348,289,1904,742,2 2428,282,2884,642,1 1662,742,2084,1124,0 2300,847,2917,1411,3 1084,1067,1760,1673,3 1882,1789,2384,2289,0 3371,1273,3842,1742,1 2477,1782,3120,2438,2
044.jpg 2767,722,3100,1009,1 3093,793,3524,1171,3 3093,1169,3562,1595,3 3911,1469,4347,1884,2 4364,1440,4656,1853,2 3680,1838,4144,2295,2 3091,1675,3589,2160,3 1291,418,1731,773,3 1402,1102,1876,1529,3 809,1138,1280,1566,3 1184,922,1536,1231,1 793,804,1196,1153,2 1500,749,1916,1102,2 1742,546,2047,798,0 1078,1495,1431,1813,0 3804,535,4113,764,0
002.jpg 1186,742,1562,1064,3 1886,731,2266,1056,3 2424,703,2811,1036,3 1064,1276,1340,1531,0 1322,1078,1595,1327,0 1597,1022,1871,1280,0 1622,624,1902,849,1 1908,509,2188,738,1 1237,1529,1557,1833,1 1551,1369,1926,1727,2 1973,1320,2362,1678,2 2071,1024,2440,1338,2
042.jpg 1842,1,2153,71,0 2584,4,3064,331,2 3178,69,3544,411,0 2500,302,2884,662,0 2596,669,2978,1042,0 3124,546,3493,913,0 2940,851,3311,1215,0 4044,4,4387,331,0 2118,4,2607,420,2 893,162,1349,575,1 1378,375,1836,789,1 1844,331,2351,826,2 2124,755,2631,1258,2 1704,1055,2236,1589,2 1144,1135,1704,1686,2 902,609,1504,1173,3 7,1784,644,2442,3 1738,1618,2340,2224,3 1313,4,1878,364,3 2198,1260,2733,1804,2 2671,1118,3098,1558,1 3387,813,3787,1231,1 3678,311,4151,784,2 3798,1013,4316,1553,3 3096,1351,3604,1880,2 2222,1984,2753,2559,2 2709,1851,3102,2269,0
034.jpg 1737,644,2013,898,3 2057,673,2311,907,2 2560,678,2762,867,0 2373,807,2584,991,0 2931,678,3231,944,3 2786,913,3075,1169,2 3064,1091,3402,1391,3 2857,1331,3168,1624,2 3100,1533,3366,1791,1 2497,1360,2744,1596,1 2231,1187,2480,1418,1 2486,1649,2715,1871,0
004.jpg 1973,316,2377,658,1 2364,273,2724,582,0 3204,529,3582,847,0 2668,1482,3142,1931,1 2462,1902,2957,2402,1 2180,736,2575,1067,0 1524,733,2044,1187,2 2126,1071,2655,1540,2 1197,1280,1764,1807,2 1917,1522,2548,2120,3 2822,1004,3395,1511,3 2528,507,3048,976,3
037.jpg 2782,247,3226,598,3 2115,273,2524,611,3 1017,1678,1475,2149,3 2344,1291,2724,1656,1 2797,1033,3195,1373,1 3404,425,3797,732,1 1815,744,2106,1004,0 1851,1004,2164,1278,0 3248,1184,3642,1520,0 2995,567,3448,922,2 2342,504,2737,838,2 1384,1278,1793,1667,2
010.jpg 1691,173,2208,644,2 2197,587,2733,1098,2 3322,627,3768,1029,0 2642,878,3280,1458,3 1337,982,1975,1589,3 1013,1678,1673,2342,3 1708,1713,2186,2173,0 2211,1140,2704,1609,1 2860,1836,3382,2376,1 2324,1764,2837,2298,1 3262,1227,3868,1807,2 3346,2007,3837,2489,0
038.jpg 1633,107,2304,604,3 2566,800,3297,1433,3 3411,1438,4242,2207,3 2393,1427,3157,2151,2 2986,513,3522,944,1 2446,353,2964,764,1 1406,593,1926,1027,0 1820,836,2348,1284,0 811,582,1333,989,0 533,1102,1193,1662,1 1077,1278,1866,1982,2 1711,1782,2533,2571,2
031.jpg 1975,347,2415,713,2 2495,1604,3006,2111,2 1104,576,1580,982,2 1775,793,2286,1242,3 1431,1127,1971,1624,3 2408,1093,2940,1562,3 3046,1168,3400,1504,0 2288,636,2631,931,0 2120,1536,2507,1907,0 3373,1329,3780,1711,1 2815,516,3180,829,1 1495,1678,1946,2118,1
040.jpg 2278,4,2896,458,1 3040,98,3764,733,2 3909,102,4471,578,0 4216,773,4656,1315,0 3187,715,3787,1291,0 3564,1184,4196,1802,0 4189,1278,4656,1904,0 1798,266,2402,804,0 2440,411,3222,1106,2 2275,1086,3113,1898,2 2980,1555,3860,2435,2 4042,1849,4656,2618,1 2562,2304,3456,2620,2 3524,2360,4340,2620,2 1189,642,2107,1471,3 1573,1398,2333,2138,1 658,1342,1433,2091,1 942,2015,2011,2620,3 3153,2,3638,115,0
019.jpg 2586,153,3193,676,3 2011,1293,2720,1962,3 2746,1667,3428,2320,2 2446,922,2915,1351,0 3137,913,3604,1347,0 1855,642,2446,1158,2 1237,749,1773,1211,1 1468,1373,2006,1876,2
008.jpg 1975,176,2508,656,3 968,924,1562,1467,3 1906,1847,2600,2551,3 2468,542,2906,956,1 2631,922,3062,1291,0 2260,1449,2726,1882,0 3066,1476,3568,1980,1 3331,867,3782,1302,1 2013,880,2566,1373,2 1566,989,2013,1373,0 2895,362,3426,800,2 1373,1527,1995,2124,2
011.jpg 1262,369,1893,940,3 2948,53,3548,602,3 3626,1249,4335,1929,3 2226,413,2693,813,0 2093,962,2557,1391,0 2846,931,3357,1391,1 2702,1391,3231,1904,1 2526,1973,3026,2513,0 1255,1053,1775,1531,1 1140,1784,1817,2451,2 3300,647,3893,1204,2 3188,1667,3842,2324,2
006.jpg 2442,80,2871,487,3 2464,1682,2988,2207,3 1364,1713,1933,2251,3 1568,1316,1928,1649,0 1771,973,2120,1320,0 1946,1336,2300,1673,0 3206,562,3626,947,2 2626,942,3064,1338,2 2200,718,2628,1084,2 2375,1253,2760,1611,1 3002,1673,3411,2084,1 2024,2007,2460,2444,1
000.jpg 1666,1196,1922,1440,0 1960,1198,2224,1442,0 2168,1340,2424,1580,0 2471,1031,2744,1278,1 2746,1131,3024,1373,1 1588,1491,1884,1780,1 1860,1584,2211,1938,2 2148,1831,2515,2187,2 2451,1651,2800,2009,2 2520,1311,2897,1636,3 2926,1642,3297,2036,3 2057,889,2404,1202,3
026.jpg 1573,293,2193,844,3 3186,1513,3855,2209,3 3124,1073,3591,1547,0 2622,1113,3126,1589,1 1924,829,2531,1402,2 1320,1033,1951,1622,2 2175,1724,2664,2220,0 2324,404,2804,847,1
009.jpg 1795,118,2224,496,0 2620,229,3086,636,1 2200,482,2771,987,2 1415,642,2008,1144,2 2060,982,2557,1467,1 2513,1202,3137,1824,2 2762,1693,3464,2420,3 2917,587,3555,1187,3 3222,1153,3748,1640,1 3617,1973,4131,2513,0 1253,2076,1800,2596,0 1373,1153,2071,1798,3
025.jpg 955,867,1626,1493,3 2902,1358,3584,2024,3 3493,1016,3960,1458,0 1615,580,2071,996,0 2277,458,2742,902,1 2946,456,3420,889,1 2406,884,3004,1436,2 1717,1204,2333,1773,2
013.jpg 1842,609,2235,924,3 2771,551,3191,871,3 1522,1531,2000,1967,3 1860,1111,2164,1356,0 2200,1280,2524,1560,0 2391,898,2715,1151,1 2633,1040,2995,1329,1 2326,602,2686,893,2 2931,833,3342,1173,2 2037,1751,2421,2122,1 2577,1878,3046,2349,2 2982,1269,3315,1558,0
017.jpg 1311,558,1895,987,2 2206,429,2688,869,1 2677,660,3282,1118,2 3113,1020,3626,1504,0 1937,818,2408,1180,0 2002,1362,2515,1840,0 1093,1329,1680,1831,1 2615,1327,3357,2004,3
014.jpg 1548,420,2120,871,3 2660,380,3208,900,3 2197,1556,2811,2180,3 2197,473,2604,851,1 1437,1084,1913,1516,1 3400,956,3862,1402,1 2448,793,2855,1113,0 2977,1529,3431,1978,0 1786,1398,2235,1833,0 1333,1847,1957,2464,2 2600,1091,3145,1607,2 1917,882,2442,1404,2
003.jpg 2153,511,2506,793,0 2597,502,2933,782,0 1991,789,2353,1098,0 1588,896,1991,1229,1 2655,1060,3051,1424,1 2868,1593,3311,2022,1 3028,758,3528,1196,3 3022,1184,3575,1664,3 2346,1364,2902,1864,3 1824,1511,2351,2016,2 1964,1093,2451,1529,2 2360,733,2820,1131,2
022.jpg 1826,424,2268,789,1 2475,684,2926,1067,1 2800,998,3237,1380,0 2875,1542,3353,1987,0 2164,1091,2802,1660,3 1720,804,2295,1282,2 1928,1613,2580,2220,2 1391,1229,2077,1829,3
033.jpg 868,271,1337,687,3 2686,707,3193,1164,2 1964,533,2322,856,0 1408,309,1864,720,2 1728,1222,2153,1638,1 2206,1527,2653,1973,1 2168,2076,2620,2531,0 2277,300,2631,616,0 2855,1467,3411,2000,2 3304,1840,3797,2338,1 3217,1009,3800,1553,3 2931,298,3442,760,3
012.jpg 1893,560,2233,864,3 2822,809,3206,1136,3 2724,1582,3144,1978,3 2360,784,2622,991,0 2104,1004,2362,1238,0 1940,1567,2224,1847,0 2460,1193,2777,1464,1 2215,1353,2540,1640,1 2337,1629,2722,2022,2 2795,1187,3173,1531,2 1364,1133,1731,1473,2 1680,849,1968,1098,1
041.jpg 3322,86,3671,404,2 3751,238,4029,473,0 2771,166,3044,402,0 3136,422,3418,671,0 3189,780,3487,1040,0 2680,698,2976,964,0 2822,938,3118,1211,0 3107,1006,3398,1293,0 2071,406,2353,658,0 3151,1780,3469,2111,0 1482,829,1842,1151,1 1889,911,2229,1220,1 2313,253,2622,522,1 3440,924,3767,1220,1 2964,1249,3311,1575,1 2251,1338,2660,1740,2 1847,1473,2282,1895,2 2378,1738,2853,2213,3 1587,1131,2047,1564,3 3800,998,4227,1395,3 3338,1340,3751,1742,2 2211,815,2604,1173,2 2500,1064,2893,1431,2 2649,1420,3071,1831,2 2809,1951,3249,2404,2 2344,515,2720,842,2 2678,380,3042,711,2 3571,511,3947,842,2
043.jpg 853,775,1433,1222,3 1784,758,2282,1140,2 1331,1218,1913,1709,2 1900,1295,2529,1829,3 2300,673,2678,969,0 2804,1646,3276,2086,0 3911,453,4389,798,3 4047,802,4587,1226,3 3198,1033,3776,1511,3 2551,938,2984,1284,1
039.jpg 1104,520,2127,1293,3 2691,1111,3867,2111,3 2151,302,3016,929,2 1616,1115,2671,2029,2 2902,124,3520,544,0 3496,462,4227,991,1
018.jpg 2488,907,2986,1331,1 3000,1131,3484,1549,0 2657,400,3200,907,2 2593,1873,3177,2473,1 1917,1200,2646,1880,3 1062,991,1822,1671,3 1602,1749,2168,2298,0 1406,209,1873,580,0 1946,342,2420,742,1 1146,551,1780,1067,2
036.jpg 2913,469,3342,713,3 2897,731,3337,1002,2 2326,1476,2853,1904,2 2022,884,2377,1133,1 1622,1124,2037,1404,1 1188,1082,1562,1340,0 2722,1027,3080,1273,0 2993,1236,3373,1511,0 1411,1518,1960,1956,2 984,1787,1473,2202,1 2788,1711,3417,2242,3 1748,1811,2406,2398,3
007.jpg 2164,1,2713,453,2 2844,433,3431,936,2 3988,1191,4513,1713,1 3386,989,4015,1573,2 2368,858,2877,1327,1 2964,1593,3522,2144,1 1693,1693,2417,2451,3 704,1507,1451,2218,3 675,480,1351,1067,3 1720,436,2162,860,0 1762,864,2240,1269,0 1288,976,1782,1422,0
035.jpg 2137,907,2471,1173,1 2793,329,3173,596,3 2860,627,3220,911,2 2791,980,3104,1231,0 3062,1162,3375,1429,0 3033,1633,3524,2086,3 2613,1473,3051,1864,2 2308,1869,2822,2362,3 1902,1211,2253,1502,1 1486,1224,1826,1509,0 1891,1640,2355,2056,2 1640,1964,2053,2351,1
001.jpg 1324,500,1688,760,0 908,967,1313,1296,0 1293,1458,1720,1827,0 1828,600,2215,907,1 2068,398,2435,676,1 1242,764,1664,1089,1 1777,1738,2368,2298,2 2606,1367,3137,1851,2 3442,1216,3944,1664,2 2408,600,2900,996,3 2860,773,3366,1198,3 2124,900,2653,1336,3
028.jpg 2075,151,2517,540,0 2848,4,3317,458,1 1895,842,2335,1249,1 2835,1236,3257,1636,0 2995,1613,3602,2236,3 2215,1627,2771,2202,2 1657,1238,2212,1763,2 1477,1893,2117,2558,3
032.jpg 1482,947,2020,1484,3 1988,749,2502,1262,3 1688,1502,2268,2089,3 2520,1284,2928,1720,1 3048,1149,3502,1647,2 2942,616,3400,1078,2 2373,538,2771,924,1 2015,427,2388,767,0 1548,409,2031,864,2 1206,687,1635,1098,1 955,1389,1371,1789,0 1077,1747,1504,2180,0
016.jpg 1355,616,1891,1107,3 1873,513,2388,996,3 2877,1678,3515,2296,3 3055,664,3493,1029,1 3302,1398,3726,1818,0 2206,1107,2613,1460,0 2335,1682,2762,2127,0 2566,787,2995,1182,1 2715,1129,3264,1620,2 1540,1078,2068,1538,2 1511,1673,2020,2133,1 2617,160,3073,638,2
021.jpg 857,1264,1406,1762,1 1635,1044,2248,1551,2 1426,1573,2008,2098,1 2260,813,2695,1191,0 2902,602,3324,940,0 3171,1009,3784,1520,2 2486,1409,3211,2047,3 1960,247,2535,691,3
005.jpg 1308,251,1728,613,2 1720,558,2151,918,2 2337,820,2708,1156,1 991,1251,1406,1642,1 1457,2027,1922,2478,1 2013,927,2335,1233,0 2482,1124,2835,1471,0 1928,2027,2322,2413,0 1542,911,2008,1329,2 1078,662,1564,1116,3 2053,1209,2548,1684,3 1544,1322,2057,1829,3
024.jpg 2146,1013,2408,1269,1 2106,1290,2421,1590,2 2520,1167,2788,1422,1 2715,1378,2962,1616,0 2742,1724,2991,1971,0 2360,1464,2700,1820,3 2260,1787,2591,2113,2 1968,1573,2326,1933,3
030.jpg 2255,33,2742,464,2 2897,722,3337,1127,1 2653,1838,3153,2347,1 1937,956,2522,1511,3 1606,309,2160,811,3 1368,1107,1802,1520,0 1555,1440,2135,2024,2 2333,451,2717,800,0
023.jpg 1595,702,2117,1171,3 2100,660,2557,1060,2 2508,504,2875,842,1 2664,1013,3062,1373,1 2604,1376,2980,1731,0 2160,1682,2571,2089,0 2071,1060,2593,1553,3 1580,1158,2093,1624,2
027.jpg 2357,111,2911,567,3 2011,362,2411,711,0 2144,680,2597,1078,1 2804,891,3266,1264,0 2017,1164,2606,1711,2 2380,1583,3017,2210,2 1468,1073,1953,1511,1 1468,1609,2115,2267,3
015.jpg 1920,447,2348,860,3 1308,1073,1797,1471,3 2495,1262,2975,1718,3 2168,1496,2520,1816,0 2813,896,3153,1204,0 2042,840,2355,1102,0 2644,420,2986,713,1 1695,813,2046,1111,1 1746,1527,2155,1891,1 2373,833,2802,1231,2 1886,1111,2324,1538,2 2297,1864,2800,2378,2
020.jpg 1908,644,2255,931,1 2233,832,2646,1181,2 1673,1022,2051,1349,1 1911,1231,2397,1664,3 2906,878,3382,1282,3 2077,1716,2557,2176,2 2422,1204,2773,1520,0 2808,1524,3166,1847,0